[gd_scene format=3 uid="uid://dvee0merabe2p"]

[ext_resource type="PackedScene" uid="uid://doucyc7yewk46" path="res://player.tscn" id="1_u52ul"]
[ext_resource type="PackedScene" uid="uid://dpy71wg55r0hx" path="res://assets/hanger.glb" id="2_vonw3"]
[ext_resource type="PackedScene" uid="uid://pivomrwypbf7" path="res://assets/bwp_borsuk.glb" id="3_oi3di"]
[ext_resource type="PackedScene" uid="uid://b46xs05ekkjcq" path="res://assets/tree.glb" id="4_0b4ue"]
[ext_resource type="PackedScene" uid="uid://cb50jw01vo3w" path="res://assets/christmas_tree.glb" id="4_n6hdu"]
[ext_resource type="PackedScene" uid="uid://d35ahncylxcf4" path="res://assets/two_tree.glb" id="5_km5ld"]
[ext_resource type="PackedScene" uid="uid://brgk82ntjfnpt" path="res://assets/small_tree.glb" id="7_i2t4f"]
[ext_resource type="PackedScene" uid="uid://bspvd7nph08lg" path="res://assets/mountain.glb" id="8_km5ld"]

[sub_resource type="ProceduralSkyMaterial" id="ProceduralSkyMaterial_8cye3"]
sky_horizon_color = Color(0.3882353, 0.6627451, 0.91764706, 1)

[sub_resource type="Sky" id="Sky_2orkt"]
sky_material = SubResource("ProceduralSkyMaterial_8cye3")

[sub_resource type="Environment" id="Environment_vonw3"]
background_mode = 2
sky = SubResource("Sky_2orkt")
ambient_light_color = Color(0.28214076, 0.5424279, 0.92932516, 1)

[sub_resource type="StandardMaterial3D" id="StandardMaterial3D_f2txt"]
albedo_color = Color(0.5989445, 0.68997216, 0.36344913, 1)

[sub_resource type="BoxMesh" id="BoxMesh_vonw3"]
material = SubResource("StandardMaterial3D_f2txt")

[sub_resource type="BoxShape3D" id="BoxShape3D_oi3di"]

[node name="Level" type="Node3D" unique_id=1823335500]

[node name="Borsuk" parent="." unique_id=534327215 instance=ExtResource("1_u52ul")]
transform = Transform3D(1, 0, 0, 0, 1, 0, 0, 0, 1, -4.023759, 0.8542713, -0.76218605)

[node name="WorldEnvironment" type="WorldEnvironment" parent="." unique_id=420973390]
environment = SubResource("Environment_vonw3")

[node name="DirectionalLight3D" type="DirectionalLight3D" parent="." unique_id=1859049068]
transform = Transform3D(0.9135454, 0.30696803, -0.2668432, 0, 0.6560589, 0.75470954, 0.40673667, -0.68946147, 0.5993396, 0, 9.50968, 0)

[node name="Obstacle2" type="CSGBox3D" parent="." unique_id=1645554223]
transform = Transform3D(1, 0, 0, 0, 1, 0, 0, 0, 1, -8.445857, 0.33367467, -67.159935)
use_collision = true

[node name="hanger" parent="." unique_id=849735318 instance=ExtResource("2_vonw3")]
transform = Transform3D(0.405, 0, 0, 0, 0.405, 0, 0, 0, 0.405, -19.745031, 2.3927946, -90.207146)

[node name="StaticBody3D" type="StaticBody3D" parent="." unique_id=374903642]

[node name="MeshInstance3D" type="MeshInstance3D" parent="StaticBody3D" unique_id=1218371388]

[node name="CollisionShape3D" type="CollisionShape3D" parent="StaticBody3D" unique_id=85433990]

[node name="StaticBody3D2" type="StaticBody3D" parent="." unique_id=287412856]

[node name="MeshInstance3D" type="MeshInstance3D" parent="StaticBody3D2" unique_id=1146431657]
transform = Transform3D(381.83228, 0, 0, 0, 0.10034835, 0, 0, 0, 266.48923, -0.36095047, -0.24526978, 0.11979675)
mesh = SubResource("BoxMesh_vonw3")

[node name="CollisionShape3D" type="CollisionShape3D" parent="StaticBody3D2" unique_id=782480139]
transform = Transform3D(382.18323, 0, 0, 0, 0.1, 0, 0, 0, 267.94073, 0, 0, 0)
shape = SubResource("BoxShape3D_oi3di")

[node name="bwp_borsuk" parent="StaticBody3D2" unique_id=651743894 instance=ExtResource("3_oi3di")]
transform = Transform3D(1, 0, 0, 0, 1, 0, 0, 0, 1, -12.680086, 0.5432527, -85.053825)

[node name="christmas_tree" parent="StaticBody3D2" unique_id=802361466 instance=ExtResource("4_n6hdu")]
transform = Transform3D(1, 0, 0, 0, 1, 0, 0, 0, 1, -63.771004, 1.8702291, -126.85096)

[node name="christmas_tree2" parent="StaticBody3D2" unique_id=87695986 instance=ExtResource("4_n6hdu")]
transform = Transform3D(1, 0, 0, 0, 1, 0, 0, 0, 1, -32.881622, 1.8702291, -126.85096)

[node name="christmas_tree3" parent="StaticBody3D2" unique_id=940807074 instance=ExtResource("4_n6hdu")]
transform = Transform3D(1, 0, 0, 0, 1, 0, 0, 0, 1, -16.44426, 1.8702291, -122.13169)

[node name="christmas_tree4" parent="StaticBody3D2" unique_id=2075902193 instance=ExtResource("4_n6hdu")]
transform = Transform3D(1, 0, 0, 0, 1, 0, 0, 0, 1, 0.18812943, 1.8702291, -118.04454)

[node name="christmas_tree5" parent="StaticBody3D2" unique_id=88763960 instance=ExtResource("4_n6hdu")]
transform = Transform3D(1, 0, 0, 0, 1, 0, 0, 0, 1, 23.439838, 1.8702291, -118.04454)

[node name="christmas_tree6" parent="StaticBody3D2" unique_id=1166690256 instance=ExtResource("4_n6hdu")]
transform = Transform3D(1, 0, 0, 0, 1, 0, 0, 0, 1, 46.213943, 1.8702291, -123.64113)

[node name="christmas_tree7" parent="StaticBody3D2" unique_id=361577065 instance=ExtResource("4_n6hdu")]
transform = Transform3D(1, 0, 0, 0, 1, 0, 0, 0, 1, 46.213943, 1.8702291, -112.87956)

[node name="christmas_tree8" parent="StaticBody3D2" unique_id=719080646 instance=ExtResource("4_n6hdu")]
transform = Transform3D(1, 0, 0, 0, 1, 0, 0, 0, 1, 12.978249, 1.8702291, -105.393524)

[node name="christmas_tree9" parent="StaticBody3D2" unique_id=870735745 instance=ExtResource("4_n6hdu")]
transform = Transform3D(1, 0, 0, 0, 1, 0, 0, 0, 1, -39.730453, 1.8702291, -105.393524)

[node name="christmas_tree10" parent="StaticBody3D2" unique_id=1931891571 instance=ExtResource("4_n6hdu")]
transform = Transform3D(1, 0, 0, 0, 1, 0, 0, 0, 1, -47.901157, 1.8702291, -114.38975)

[node name="christmas_tree11" parent="StaticBody3D2" unique_id=219393281 instance=ExtResource("4_n6hdu")]
transform = Transform3D(1, 0, 0, 0, 1, 0, 0, 0, 1, -68.57142, 1.8702291, -118.249115)

[node name="christmas_tree12" parent="StaticBody3D2" unique_id=727298339 instance=ExtResource("4_n6hdu")]
transform = Transform3D(1, 0, 0, 0, 1, 0, 0, 0, 1, 12.668648, 1.8702291, -124.238525)

[node name="two_tree" parent="StaticBody3D2" unique_id=1118782235 instance=ExtResource("5_km5ld")]
transform = Transform3D(1, 0, 0, 0, 1, 0, 0, 0, 1, -57.911636, -0.005479455, -96.48189)

[node name="two_tree2" parent="StaticBody3D2" unique_id=1274372614 instance=ExtResource("5_km5ld")]
transform = Transform3D(1, 0, 0, 0, 1, 0, 0, 0, 1, -77.9287, -0.005479455, -100.46252)

[node name="two_tree3" parent="StaticBody3D2" unique_id=1160212765 instance=ExtResource("5_km5ld")]
transform = Transform3D(1, 0, 0, 0, 1, 0, 0, 0, 1, -7.4186783, -0.005479455, -105.27286)

[node name="two_tree4" parent="StaticBody3D2" unique_id=1204717244 instance=ExtResource("5_km5ld")]
transform = Transform3D(1, 0, 0, 0, 1, 0, 0, 0, 1, -22.843975, -0.005479455, -110.43989)

[node name="two_tree5" parent="StaticBody3D2" unique_id=624230955 instance=ExtResource("5_km5ld")]
transform = Transform3D(1, 0, 0, 0, 1, 0, 0, 0, 1, 22.564915, -0.005479455, -110.43989)

[node name="two_tree6" parent="StaticBody3D2" unique_id=2146452102 instance=ExtResource("5_km5ld")]
transform = Transform3D(1, 0, 0, 0, 1, 0, 0, 0, 1, 39.731327, -0.005479455, -110.43989)

[node name="two_tree7" parent="StaticBody3D2" unique_id=1035481950 instance=ExtResource("5_km5ld")]
transform = Transform3D(1, 0, 0, 0, 1, 0, 0, 0, 1, -73.65433, -0.005479455, -110.43989)

[node name="christmas_tree13" parent="StaticBody3D2" unique_id=1819907799 instance=ExtResource("4_n6hdu")]
transform = Transform3D(1, 0, 0, 0, 1, 0, 0, 0, 1, -116.771, 1.8702291, -126.85096)

[node name="christmas_tree14" parent="StaticBody3D2" unique_id=393272497 instance=ExtResource("4_n6hdu")]
transform = Transform3D(1, 0, 0, 0, 1, 0, 0, 0, 1, -85.88162, 1.8702291, -126.85096)

[node name="christmas_tree15" parent="StaticBody3D2" unique_id=116384807 instance=ExtResource("4_n6hdu")]
transform = Transform3D(1, 0, 0, 0, 1, 0, 0, 0, 1, -92.73045, 1.8702291, -105.393524)

[node name="christmas_tree16" parent="StaticBody3D2" unique_id=1614818646 instance=ExtResource("4_n6hdu")]
transform = Transform3D(1, 0, 0, 0, 1, 0, 0, 0, 1, -100.90115, 1.8702291, -114.38975)

[node name="christmas_tree17" parent="StaticBody3D2" unique_id=51865472 instance=ExtResource("4_n6hdu")]
transform = Transform3D(1, 0, 0, 0, 1, 0, 0, 0, 1, -121.57142, 1.8702291, -118.249115)

[node name="two_tree10" parent="StaticBody3D2" unique_id=1310751672 instance=ExtResource("5_km5ld")]
transform = Transform3D(1, 0, 0, 0, 1, 0, 0, 0, 1, -126.65433, -0.005479455, -110.43989)

[node name="christmas_tree18" parent="StaticBody3D2" unique_id=944353360 instance=ExtResource("4_n6hdu")]
transform = Transform3D(1, 0, 0, 0, 1, 0, 0, 0, 1, -168.81085, 1.8702291, -126.85096)

[node name="christmas_tree19" parent="StaticBody3D2" unique_id=1598298845 instance=ExtResource("4_n6hdu")]
transform = Transform3D(1, 0, 0, 0, 1, 0, 0, 0, 1, -137.92148, 1.8702291, -126.85096)

[node name="christmas_tree20" parent="StaticBody3D2" unique_id=1116234814 instance=ExtResource("4_n6hdu")]
transform = Transform3D(1, 0, 0, 0, 1, 0, 0, 0, 1, -144.77031, 1.8702291, -105.393524)

[node name="christmas_tree21" parent="StaticBody3D2" unique_id=816960039 instance=ExtResource("4_n6hdu")]
transform = Transform3D(1, 0, 0, 0, 1, 0, 0, 0, 1, -152.94101, 1.8702291, -114.38975)

[node name="christmas_tree22" parent="StaticBody3D2" unique_id=879436896 instance=ExtResource("4_n6hdu")]
transform = Transform3D(1, 0, 0, 0, 1, 0, 0, 0, 1, -173.61127, 1.8702291, -118.249115)

[node name="two_tree11" parent="StaticBody3D2" unique_id=50924227 instance=ExtResource("5_km5ld")]
transform = Transform3D(1, 0, 0, 0, 1, 0, 0, 0, 1, -178.69418, -0.005479455, -110.43989)

[node name="christmas_tree23" parent="StaticBody3D2" unique_id=16979520 instance=ExtResource("4_n6hdu")]
transform = Transform3D(-0.99878556, 0, 0.04926823, 0, 1, 0, -0.04926823, 0, -0.99878556, 98.35552, 1.8702291, -106.883446)

[node name="christmas_tree35" parent="StaticBody3D2" unique_id=534464467 instance=ExtResource("4_n6hdu")]
transform = Transform3D(-0.99878556, 0, 0.04926823, 0, 1, 0, -0.04926823, 0, -0.99878556, -129.31302, 1.8702291, -106.883446)

[node name="christmas_tree36" parent="StaticBody3D2" unique_id=812254771 instance=ExtResource("4_n6hdu")]
transform = Transform3D(-0.99878556, 0, 0.04926823, 0, 1, 0, -0.04926823, 0, -0.99878556, -65.99516, 1.8702291, -104.54507)

[node name="christmas_tree37" parent="StaticBody3D2" unique_id=59104498 instance=ExtResource("4_n6hdu")]
transform = Transform3D(-0.99878556, 0, 0.04926823, 0, 1, 0, -0.04926823, 0, -0.99878556, -80.94768, 1.8702291, -109.94417)

[node name="christmas_tree24" parent="StaticBody3D2" unique_id=1177957982 instance=ExtResource("4_n6hdu")]
transform = Transform3D(-0.99878556, 0, 0.04926823, 0, 1, 0, -0.04926823, 0, -0.99878556, 67.50366, 1.8702291, -108.40531)

[node name="christmas_tree25" parent="StaticBody3D2" unique_id=1168137241 instance=ExtResource("4_n6hdu")]
transform = Transform3D(-0.99878556, 0, 0.04926823, 0, 1, 0, -0.04926823, 0, -0.99878556, 75.401344, 1.8702291, -129.49927)

[node name="christmas_tree26" parent="StaticBody3D2" unique_id=1665470426 instance=ExtResource("4_n6hdu")]
transform = Transform3D(-0.99878556, 0, 0.04926823, 0, 1, 0, -0.04926823, 0, -0.99878556, 83.1189, 1.8702291, -120.111404)

[node name="christmas_tree27" parent="StaticBody3D2" unique_id=75482320 instance=ExtResource("4_n6hdu")]
transform = Transform3D(-0.99878556, 0, 0.04926823, 0, 1, 0, -0.04926823, 0, -0.99878556, 103.573906, 1.8702291, -115.238335)

[node name="two_tree12" parent="StaticBody3D2" unique_id=168024368 instance=ExtResource("5_km5ld")]
transform = Transform3D(-0.99878556, 0, 0.04926823, 0, 1, 0, -0.04926823, 0, -0.99878556, 109.0354, -0.005479455, -122.78765)

[node name="christmas_tree28" parent="StaticBody3D2" unique_id=1768126432 instance=ExtResource("4_n6hdu")]
transform = Transform3D(-0.99878556, 0, 0.04926823, 0, 1, 0, -0.04926823, 0, -0.99878556, 151.35553, 1.8702291, -106.883446)

[node name="christmas_tree29" parent="StaticBody3D2" unique_id=642848542 instance=ExtResource("4_n6hdu")]
transform = Transform3D(-0.99878556, 0, 0.04926823, 0, 1, 0, -0.04926823, 0, -0.99878556, 120.50366, 1.8702291, -108.40531)

[node name="christmas_tree30" parent="StaticBody3D2" unique_id=1353884797 instance=ExtResource("4_n6hdu")]
transform = Transform3D(-0.99878556, 0, 0.04926823, 0, 1, 0, -0.04926823, 0, -0.99878556, 128.40134, 1.8702291, -129.49927)

[node name="christmas_tree31" parent="StaticBody3D2" unique_id=1327333752 instance=ExtResource("4_n6hdu")]
transform = Transform3D(-0.99878556, 0, 0.04926823, 0, 1, 0, -0.04926823, 0, -0.99878556, 136.1189, 1.8702291, -120.111404)

[node name="christmas_tree32" parent="StaticBody3D2" unique_id=918504181 instance=ExtResource("4_n6hdu")]
transform = Transform3D(-0.99878556, 0, 0.04926823, 0, 1, 0, -0.04926823, 0, -0.99878556, 156.57391, 1.8702291, -115.238335)

[node name="two_tree13" parent="StaticBody3D2" unique_id=900391673 instance=ExtResource("5_km5ld")]
transform = Transform3D(-0.99878556, 0, 0.04926823, 0, 1, 0, -0.04926823, 0, -0.99878556, 162.0354, -0.005479455, -122.78765)

[node name="christmas_tree33" parent="StaticBody3D2" unique_id=389125778 instance=ExtResource("4_n6hdu")]
transform = Transform3D(0.98157394, 0, -0.19108322, 0, 1, 0, 0.19108322, 0, 0.98157394, 176.18204, 1.8702292, -124.76999)

[node name="christmas_tree34" parent="StaticBody3D2" unique_id=932040112 instance=ExtResource("4_n6hdu")]
transform = Transform3D(0.98157394, 0, -0.19108322, 0, 1, 0, 0.19108322, 0, 0.98157394, 169.8264, 1.8702292, -117.24392)

[node name="two_tree14" parent="StaticBody3D2" unique_id=1881764190 instance=ExtResource("5_km5ld")]
transform = Transform3D(0.98157394, 0, -0.19108322, 0, 1, 0, 0.19108322, 0, 0.98157394, 163.34494, -0.005479455, -110.54985)

[node name="two_tree8" parent="StaticBody3D2" unique_id=1153445632 instance=ExtResource("5_km5ld")]
transform = Transform3D(1, 0, 0, 0, 1, 0, 0, 0, 1, 55.05903, -0.005479455, -123.13101)

[node name="two_tree9" parent="StaticBody3D2" unique_id=1171736638 instance=ExtResource("5_km5ld")]
transform = Transform3D(1, 0, 0, 0, 1, 0, 0, 0, 1, -9.329445, -0.005479455, -123.13101)

[node name="tree" parent="." unique_id=469213347 instance=ExtResource("4_0b4ue")]
transform = Transform3D(1, 0, 0, 0, 1, 0, 0, 0, 1, -21.719429, -0.22741282, -120.92824)

[node name="tree2" parent="." unique_id=1334269284 instance=ExtResource("4_0b4ue")]
transform = Transform3D(1, 0, 0, 0, 1, 0, 0, 0, 1, 12.785591, -0.22741282, -116.2526)

[node name="tree3" parent="." unique_id=818515227 instance=ExtResource("4_0b4ue")]
transform = Transform3D(1, 0, 0, 0, 1, 0, 0, 0, 1, -2.0433311, -0.22741282, -127.70399)

[node name="tree4" parent="." unique_id=8909397 instance=ExtResource("4_0b4ue")]
transform = Transform3D(1, 0, 0, 0, 1, 0, 0, 0, 1, -46.202236, -0.22741282, -127.70399)

[node name="tree5" parent="." unique_id=102390184 instance=ExtResource("4_0b4ue")]
transform = Transform3D(1, 0, 0, 0, 1, 0, 0, 0, 1, -54.778236, -0.22741282, -116.06379)

[node name="tree6" parent="." unique_id=269802943 instance=ExtResource("4_0b4ue")]
transform = Transform3D(1, 0, 0, 0, 1, 0, 0, 0, 1, -35.3429, -0.22741282, -116.06379)

[node name="tree7" parent="." unique_id=1475649271 instance=ExtResource("4_0b4ue")]
transform = Transform3D(1, 0, 0, 0, 1, 0, 0, 0, 1, -9.279938, -0.22741282, -116.06379)

[node name="tree8" parent="." unique_id=794446465 instance=ExtResource("4_0b4ue")]
transform = Transform3D(1, 0, 0, 0, 1, 0, 0, 0, 1, 28.09991, -0.22741282, -127.76848)

[node name="tree9" parent="." unique_id=688758149 instance=ExtResource("4_0b4ue")]
transform = Transform3D(1, 0, 0, 0, 1, 0, 0, 0, 1, 38.233185, -0.22741282, -118.70107)

[node name="tree10" parent="." unique_id=658353319 instance=ExtResource("4_0b4ue")]
transform = Transform3D(1, 0, 0, 0, 1, 0, 0, 0, 1, 55.575695, -0.22741282, -114.04424)

[node name="tree11" parent="." unique_id=35106660 instance=ExtResource("4_0b4ue")]
transform = Transform3D(1, 0, 0, 0, 1, 0, 0, 0, 1, 28.029892, -0.22741282, -106.371346)

[node name="tree12" parent="." unique_id=1019225014 instance=ExtResource("4_0b4ue")]
transform = Transform3D(1, 0, 0, 0, 1, 0, 0, 0, 1, 0.6608162, -0.22741282, -106.371346)

[node name="tree13" parent="." unique_id=1287712525 instance=ExtResource("4_0b4ue")]
transform = Transform3D(1, 0, 0, 0, 1, 0, 0, 0, 1, -46.138336, -0.22741282, -106.371346)

[node name="tree14" parent="." unique_id=705438378 instance=ExtResource("4_0b4ue")]
transform = Transform3D(1, 0, 0, 0, 1, 0, 0, 0, 1, -69.03373, -0.22741282, -124.64932)

[node name="tree15" parent="." unique_id=1078303089 instance=ExtResource("4_0b4ue")]
transform = Transform3D(1, 0, 0, 0, 1, 0, 0, 0, 1, -65.68248, -0.22741282, -106.35337)

[node name="tree16" parent="." unique_id=1694511990 instance=ExtResource("4_0b4ue")]
transform = Transform3D(1, 0, 0, 0, 1, 0, 0, 0, 1, 41.787277, -0.22741282, -106.35337)

[node name="small_tree" parent="." unique_id=1576949366 instance=ExtResource("7_i2t4f")]
transform = Transform3D(1, 0, 0, 0, 1, 0, 0, 0, 1, -60.752304, -0.17359889, -111.232315)

[node name="small_tree2" parent="." unique_id=190369405 instance=ExtResource("7_i2t4f")]
transform = Transform3D(1, 0, 0, 0, 1, 0, 0, 0, 1, -51.594826, -0.17359889, -102.15363)

[node name="small_tree3" parent="." unique_id=1008051225 instance=ExtResource("7_i2t4f")]
transform = Transform3D(1, 0, 0, 0, 1, 0, 0, 0, 1, -38.053688, -0.17359889, -125.23129)

[node name="small_tree4" parent="." unique_id=2079535658 instance=ExtResource("7_i2t4f")]
transform = Transform3D(1, 0, 0, 0, 1, 0, 0, 0, 1, 4.1444397, -0.17359889, -125.23129)

[node name="small_tree5" parent="." unique_id=1896368038 instance=ExtResource("7_i2t4f")]
transform = Transform3D(1, 0, 0, 0, 1, 0, 0, 0, 1, 4.1444397, -0.17359889, -101.99549)

[node name="small_tree6" parent="." unique_id=2053812514 instance=ExtResource("7_i2t4f")]
transform = Transform3D(1, 0, 0, 0, 1, 0, 0, 0, 1, -14.071621, -0.17359889, -112.678566)

[node name="small_tree7" parent="." unique_id=1084244415 instance=ExtResource("7_i2t4f")]
transform = Transform3D(1, 0, 0, 0, 1, 0, 0, 0, 1, 17.550972, -0.17359889, -112.678566)

[node name="small_tree8" parent="." unique_id=1867348567 instance=ExtResource("7_i2t4f")]
transform = Transform3D(1, 0, 0, 0, 1, 0, 0, 0, 1, 50.508095, -0.17359889, -104.04233)

[node name="small_tree9" parent="." unique_id=1606220538 instance=ExtResource("7_i2t4f")]
transform = Transform3D(1, 0, 0, 0, 1, 0, 0, 0, 1, 36.398903, -0.17359889, -126.177505)

[node name="small_tree10" parent="." unique_id=862192453 instance=ExtResource("7_i2t4f")]
transform = Transform3D(1, 0, 0, 0, 1, 0, 0, 0, 1, 33.832764, -0.17359889, -103.98095)

[node name="small_tree12" parent="." unique_id=1108771905 instance=ExtResource("7_i2t4f")]
transform = Transform3D(1, 0, 0, 0, 1, 0, 0, 0, 1, 33.832764, -0.17359889, -116.17866)

[node name="small_tree11" parent="." unique_id=526425429 instance=ExtResource("7_i2t4f")]
transform = Transform3D(1, 0, 0, 0, 1, 0, 0, 0, 1, -28.443947, -0.17359889, -114.752846)

[node name="tree17" parent="." unique_id=908801487 instance=ExtResource("4_0b4ue")]
transform = Transform3D(1, 0, 0, 0, 1, 0, 0, 0, 1, -99.20224, -0.22741282, -127.70399)

[node name="tree18" parent="." unique_id=1681025999 instance=ExtResource("4_0b4ue")]
transform = Transform3D(1, 0, 0, 0, 1, 0, 0, 0, 1, -107.77824, -0.22741282, -116.06379)

[node name="tree19" parent="." unique_id=1416573452 instance=ExtResource("4_0b4ue")]
transform = Transform3D(1, 0, 0, 0, 1, 0, 0, 0, 1, -88.342896, -0.22741282, -116.06379)

[node name="tree20" parent="." unique_id=1464153053 instance=ExtResource("4_0b4ue")]
transform = Transform3D(1, 0, 0, 0, 1, 0, 0, 0, 1, -99.138336, -0.22741282, -106.371346)

[node name="tree21" parent="." unique_id=445183948 instance=ExtResource("4_0b4ue")]
transform = Transform3D(1, 0, 0, 0, 1, 0, 0, 0, 1, -122.03373, -0.22741282, -124.64932)

[node name="tree22" parent="." unique_id=1917233290 instance=ExtResource("4_0b4ue")]
transform = Transform3D(1, 0, 0, 0, 1, 0, 0, 0, 1, -118.68248, -0.22741282, -106.35337)

[node name="small_tree13" parent="." unique_id=110336823 instance=ExtResource("7_i2t4f")]
transform = Transform3D(1, 0, 0, 0, 1, 0, 0, 0, 1, -113.752304, -0.17359889, -111.232315)

[node name="small_tree14" parent="." unique_id=1059918622 instance=ExtResource("7_i2t4f")]
transform = Transform3D(1, 0, 0, 0, 1, 0, 0, 0, 1, -104.594826, -0.17359889, -102.15363)

[node name="small_tree15" parent="." unique_id=164624401 instance=ExtResource("7_i2t4f")]
transform = Transform3D(1, 0, 0, 0, 1, 0, 0, 0, 1, -91.05369, -0.17359889, -125.23129)

[node name="small_tree16" parent="." unique_id=2136679715 instance=ExtResource("7_i2t4f")]
transform = Transform3D(1, 0, 0, 0, 1, 0, 0, 0, 1, -81.44395, -0.17359889, -114.752846)

[node name="tree23" parent="." unique_id=404747157 instance=ExtResource("4_0b4ue")]
transform = Transform3D(1, 0, 0, 0, 1, 0, 0, 0, 1, -151.2421, -0.22741282, -127.70399)

[node name="tree24" parent="." unique_id=1864178697 instance=ExtResource("4_0b4ue")]
transform = Transform3D(1, 0, 0, 0, 1, 0, 0, 0, 1, -159.81808, -0.22741282, -116.06379)

[node name="tree25" parent="." unique_id=412294609 instance=ExtResource("4_0b4ue")]
transform = Transform3D(1, 0, 0, 0, 1, 0, 0, 0, 1, -140.38275, -0.22741282, -116.06379)

[node name="tree26" parent="." unique_id=592173486 instance=ExtResource("4_0b4ue")]
transform = Transform3D(1, 0, 0, 0, 1, 0, 0, 0, 1, -151.17819, -0.22741282, -106.371346)

[node name="tree27" parent="." unique_id=817706640 instance=ExtResource("4_0b4ue")]
transform = Transform3D(1, 0, 0, 0, 1, 0, 0, 0, 1, -174.07358, -0.22741282, -124.64932)

[node name="tree28" parent="." unique_id=1340471466 instance=ExtResource("4_0b4ue")]
transform = Transform3D(1, 0, 0, 0, 1, 0, 0, 0, 1, -170.72234, -0.22741282, -106.35337)

[node name="small_tree17" parent="." unique_id=1507879717 instance=ExtResource("7_i2t4f")]
transform = Transform3D(1, 0, 0, 0, 1, 0, 0, 0, 1, -165.79216, -0.17359889, -111.232315)

[node name="small_tree18" parent="." unique_id=551905274 instance=ExtResource("7_i2t4f")]
transform = Transform3D(1, 0, 0, 0, 1, 0, 0, 0, 1, -156.63467, -0.17359889, -102.15363)

[node name="small_tree19" parent="." unique_id=1987810063 instance=ExtResource("7_i2t4f")]
transform = Transform3D(1, 0, 0, 0, 1, 0, 0, 0, 1, -143.09354, -0.17359889, -125.23129)

[node name="small_tree20" parent="." unique_id=563113764 instance=ExtResource("7_i2t4f")]
transform = Transform3D(1, 0, 0, 0, 1, 0, 0, 0, 1, -133.4838, -0.17359889, -114.752846)

[node name="tree29" parent="." unique_id=676298153 instance=ExtResource("4_0b4ue")]
transform = Transform3D(-0.99878556, 0, 0.04926823, 0, 1, 0, -0.04926823, 0, -0.99878556, 80.766075, -0.22741285, -106.89704)

[node name="tree30" parent="." unique_id=645679807 instance=ExtResource("4_0b4ue")]
transform = Transform3D(-0.99878556, 0, 0.04926823, 0, 1, 0, -0.04926823, 0, -0.99878556, 89.90514, -0.22741285, -118.10058)

[node name="tree31" parent="." unique_id=1028495193 instance=ExtResource("4_0b4ue")]
transform = Transform3D(-0.99878556, 0, 0.04926823, 0, 1, 0, -0.04926823, 0, -0.99878556, 70.49341, -0.22741285, -119.05812)

[node name="tree32" parent="." unique_id=497573879 instance=ExtResource("4_0b4ue")]
transform = Transform3D(-0.99878556, 0, 0.04926823, 0, 1, 0, -0.04926823, 0, -0.99878556, 81.75327, -0.22741285, -128.20691)

[node name="tree33" parent="." unique_id=387825704 instance=ExtResource("4_0b4ue")]
transform = Transform3D(-0.99878556, 0, 0.04926823, 0, 1, 0, -0.04926823, 0, -0.99878556, 103.72033, -0.22741285, -108.82313)

[node name="tree34" parent="." unique_id=973550015 instance=ExtResource("4_0b4ue")]
transform = Transform3D(-0.99878556, 0, 0.04926823, 0, 1, 0, -0.04926823, 0, -0.99878556, 101.27457, -0.22741285, -127.26197)

[node name="small_tree21" parent="." unique_id=660246991 instance=ExtResource("7_i2t4f")]
transform = Transform3D(-0.99878556, 0, 0.04926823, 0, 1, 0, -0.04926823, 0, -0.99878556, 96.11, -0.17359892, -122.63185)

[node name="small_tree22" parent="." unique_id=32909514 instance=ExtResource("7_i2t4f")]
transform = Transform3D(-0.99878556, 0, 0.04926823, 0, 1, 0, -0.04926823, 0, -0.99878556, 87.41093, -0.17359892, -132.15067)

[node name="small_tree23" parent="." unique_id=673421704 instance=ExtResource("7_i2t4f")]
transform = Transform3D(-0.99878556, 0, 0.04926823, 0, 1, 0, -0.04926823, 0, -0.99878556, 72.74924, -0.17359892, -109.768196)

[node name="small_tree24" parent="." unique_id=903170441 instance=ExtResource("7_i2t4f")]
transform = Transform3D(-0.99878556, 0, 0.04926823, 0, 1, 0, -0.04926823, 0, -0.99878556, 63.667423, -0.17359892, -120.70737)

[node name="tree35" parent="." unique_id=143552723 instance=ExtResource("4_0b4ue")]
transform = Transform3D(-0.99878556, 0, 0.04926823, 0, 1, 0, -0.04926823, 0, -0.99878556, 133.76608, -0.22741285, -106.89704)

[node name="tree36" parent="." unique_id=537425940 instance=ExtResource("4_0b4ue")]
transform = Transform3D(-0.99878556, 0, 0.04926823, 0, 1, 0, -0.04926823, 0, -0.99878556, 142.90515, -0.22741285, -118.10058)

[node name="tree37" parent="." unique_id=1559836528 instance=ExtResource("4_0b4ue")]
transform = Transform3D(-0.99878556, 0, 0.04926823, 0, 1, 0, -0.04926823, 0, -0.99878556, 123.49341, -0.22741285, -119.05812)

[node name="tree38" parent="." unique_id=436928572 instance=ExtResource("4_0b4ue")]
transform = Transform3D(-0.99878556, 0, 0.04926823, 0, 1, 0, -0.04926823, 0, -0.99878556, 134.75327, -0.22741285, -128.20691)

[node name="tree39" parent="." unique_id=1906888361 instance=ExtResource("4_0b4ue")]
transform = Transform3D(-0.99878556, 0, 0.04926823, 0, 1, 0, -0.04926823, 0, -0.99878556, 156.72034, -0.22741285, -108.82313)

[node name="tree40" parent="." unique_id=415397385 instance=ExtResource("4_0b4ue")]
transform = Transform3D(-0.99878556, 0, 0.04926823, 0, 1, 0, -0.04926823, 0, -0.99878556, 154.27457, -0.22741285, -127.26197)

[node name="small_tree25" parent="." unique_id=1924709788 instance=ExtResource("7_i2t4f")]
transform = Transform3D(-0.99878556, 0, 0.04926823, 0, 1, 0, -0.04926823, 0, -0.99878556, 149.11, -0.17359892, -122.63185)

[node name="tree41" parent="." unique_id=9855276 instance=ExtResource("4_0b4ue")]
transform = Transform3D(0.98157394, 0, -0.19108322, 0, 1, 0, 0.19108322, 0, 0.98157394, 182.94785, -0.22741288, -112.46321)

[node name="tree42" parent="." unique_id=108919879 instance=ExtResource("4_0b4ue")]
transform = Transform3D(0.98157394, 0, -0.19108322, 0, 1, 0, 0.19108322, 0, 0.98157394, 170.59558, -0.22741288, -123.61453)

[node name="tree43" parent="." unique_id=1086280059 instance=ExtResource("4_0b4ue")]
transform = Transform3D(0.98157394, 0, -0.19108322, 0, 1, 0, 0.19108322, 0, 0.98157394, 170.38902, -0.22741288, -105.015335)

[node name="small_tree29" parent="." unique_id=933899423 instance=ExtResource("7_i2t4f")]
transform = Transform3D(0.98157394, 0, -0.19108322, 0, 1, 0, 0.19108322, 0, 0.98157394, 176.16064, -0.17359895, -108.862305)

[node name="small_tree26" parent="." unique_id=88818174 instance=ExtResource("7_i2t4f")]
transform = Transform3D(-0.99878556, 0, 0.04926823, 0, 1, 0, -0.04926823, 0, -0.99878556, 140.41092, -0.17359892, -132.15067)

[node name="small_tree27" parent="." unique_id=1845879489 instance=ExtResource("7_i2t4f")]
transform = Transform3D(-0.99878556, 0, 0.04926823, 0, 1, 0, -0.04926823, 0, -0.99878556, 125.74924, -0.17359892, -109.768196)

[node name="small_tree28" parent="." unique_id=1113892263 instance=ExtResource("7_i2t4f")]
transform = Transform3D(-0.99878556, 0, 0.04926823, 0, 1, 0, -0.04926823, 0, -0.99878556, 116.66742, -0.17359892, -120.70737)

[node name="mountain" parent="." unique_id=1231496093 instance=ExtResource("8_km5ld")]
transform = Transform3D(-0.004921204, -0.016300652, 0.999855, -8.022949e-05, 0.99986714, 0.016300455, -0.99998784, 0, -0.0049218577, 31.870794, -0.2884159, -205.74748)

[node name="mountain5" parent="." unique_id=1298198294 instance=ExtResource("8_km5ld")]
transform = Transform3D(-0.004921204, -0.016300652, 0.999855, -8.022949e-05, 0.99986714, 0.016300455, -0.99998784, 0, -0.0049218577, -47.096863, -0.2884159, -205.74748)

[node name="mountain2" parent="." unique_id=167195489 instance=ExtResource("8_km5ld")]
transform = Transform3D(-0.004921204, -0.016300652, 0.999855, -8.022949e-05, 0.99986714, 0.016300455, -0.99998784, 0, -0.0049218577, 85.67805, -0.2884159, -205.74748)

[node name="mountain3" parent="." unique_id=1726489860 instance=ExtResource("8_km5ld")]
transform = Transform3D(-0.0044291024, -0.014670588, 0.8998695, -7.2206545e-05, 0.8998804, 0.01467041, -0.89998907, 3.1432135e-10, -0.004429691, 141.80632, -0.2884159, -197.11295)

[node name="mountain7" parent="." unique_id=535467054 instance=ExtResource("8_km5ld")]
transform = Transform3D(-0.0044291024, -0.014670588, 0.8998695, -7.2206545e-05, 0.8998804, 0.01467041, -0.89998907, 3.1432135e-10, -0.004429691, -117.146866, -0.2884159, -197.11295)

[node name="mountain4" parent="." unique_id=1991126095 instance=ExtResource("8_km5ld")]
transform = Transform3D(-0.004133829, -0.013692549, 0.8398782, -6.739277e-05, 0.8398884, 0.013692383, -0.8399898, 2.933666e-10, -0.0041343784, -14.890762, -0.2884159, -191.44286)

[node name="mountain8" parent="." unique_id=1258628271 instance=ExtResource("8_km5ld")]
transform = Transform3D(-0.004133829, -0.013692549, 0.8398782, -6.739277e-05, 0.8398884, 0.013692383, -0.8399898, 2.933666e-10, -0.0041343784, 190.77248, -0.2884159, -191.44286)

[node name="mountain6" parent="." unique_id=1400677226 instance=ExtResource("8_km5ld")]
transform = Transform3D(-0.004133829, -0.013692549, 0.8398782, -6.739277e-05, 0.8398884, 0.013692383, -0.8399898, 2.933666e-10, -0.0041343784, -82.74528, -0.2884159, -191.44286)
